100
1 122
483 584
156 314
1 109
418 517
7 9
483 485
120 221
1 485
9 9
643 701
537 612
3 485
9 121
71 244
384 484
1 101
122 483
65 302
255 378
1 584
153 933
121 302
584 593
21 484
580 754
4 104
240 861
869 992
4 10
21 221
120 122
1 1000
65 485
326 877
592 610
8 121
1 4
1 742
120 485
4 485
779 887
4 6
120 121
555 915
1 302
1 10
1 104
1 2
334 369
9 109
9 10
303 484
306 626
285 367
1 6
1 9
121 484
282 362
9 584
7 109
464 473
121 122
1 484
4 109
1 1
40 847
268 652
121 584
52 610
227 663
3 65
272 603
3 4
9 742
1 5
289 585
3 5
100 1000
65 122
3 6
7 121
121 485
120 484
220 342
8 109
86 294
3 122
3 109
783 956
384 485
31 513
122 1000
362 793
739 894
238 992
342 500
741 974
7 221
10 120
